480053330
922031518
598474244
798856529
10808297
28037601
857675412
205424984
198494843
688323924
143802873
607048796
515329809
202262419
980515136
108409229
847134085
123565797
269120710
475810382
541411913
871892602
848913076
143480075
395991893
235658191
289880374
26230938
268759612
811476287
275157245
501647187
334177465
277012380
281710202
859860713
957960413
820264018
739712293
78101390
950039683
456268453
408836230
529394770
873473424
509296366
860971397
65916099
902185742
397046661
444090929
148432465
468765061
788851873
738799511
265168273
343824261
513055420
822530601
714316155
179099255
307022014
800483531
919058607
557015418
271460685
226888478
48685086
286751216
42723519
970458618
641209834
484253115
369728954
467830181
713333072
303297998
285439122
900228162
771627348
322052126
574876706
824023180
369469120
522575632
917503364
35702533
746186364
175010718
949086706
954641545
354202170
927120135
665822682
566063884
94007016
656127400
106427045
514709636
305267821
